60.383
[0.01598420944041462, 0.0014779293998768027]
63.062
[7.996780978356366, 7.960378982657363]
63.122
[7.995951703980812, 7.959081424661264]
63.184
[8.004616453837977, 7.9692349915640195]
65.708
[20.425220184959468, 16.428266230970614]
68.83
[-6.867379808079486, 23.754528947201052]
68.897
[-6.864668530510905, 23.635767311539176]
68.957
[-10.18824705161998, -26.854836365397738]
69.019
[-10.298733962183057, -26.855123221181273]
69.077
[-10.402293433633728, -26.85537514723421]
69.137
[-10.505939719133039, -26.85558976315434]
69.197
[-10.61179757964553, -26.855168482249947]
69.257
[-10.7176385472576, -26.854730989916767]
69.317
[-10.823441198562074, -26.854260329790666]
69.377
[-10.930480109427906, -26.854642304158617]
69.437
[-11.042189674479367, -26.854329359666814]
69.497
[-11.150068073245281, -26.853867409104044]
69.557
[-11.256947539249296, -26.853056476618818]
69.617
[-11.361057389044491, -26.853241725253238]
69.677
[-11.47014321053328, -26.85293282534926]
69.739
[-11.581690636890485, -26.851561734456727]
69.797
[-11.688804652525603, -26.85142242125891]
69.857
[-11.796875769628736, -26.85366418989027]
69.917
[-11.901951589506936, -26.854909601175862]
69.977
[-12.00822449402606, -26.853702755224404]
70.039
[-12.120181507492093, -26.85188578015564]
70.097
[2.198097427035413, 3.8518966822600755]
70.157
[2.3065025668310977, 3.8536498392691003]
70.217
[2.419233445651148, 3.8541291870802885]
70.277
[2.531172642726476, 3.8581308691285074]
70.337
[2.6421594666276316, 3.8591445437721283]
70.397
[2.755436707016642, 3.860565027096246]
70.46
[2.871006002581647, 3.8612222827703704]
70.517
[2.9783728329779895, 3.8654217990407047]
70.58
[3.0945458185038723, 3.86766529158139]
70.64
[3.2055008149903483, 3.8706040842438605]
70.701
[3.319301296206559, 3.8733450651327033]
70.761
[3.427635203043733, 3.874645874067009]
70.821
[3.5408884365062065, 3.8761742004403668]
70.883
[3.6568759422528534, 3.878147656075568]
70.943
[3.767103430151577, 3.8793267992266274]
71.001
[3.875119634553178, 3.88061602654937]
71.061
[3.982916297164705, 3.8815899104915794]
71.121
[4.0946760974289935, 3.88287773996243]
71.181
[4.201285476820036, 3.882508452098678]
71.241
[4.309223400932693, 3.8841428084104734]
71.305
[4.42549939387614, 3.883898120338957]
71.361
[4.524381636241799, 3.886361302388401]
71.421
[4.632142133532753, 3.887814545479641]
71.481
[4.742981831191949, 3.888969857700357]
71.541
[4.848541217399123, 3.8921411521628078]
71.601
[4.961353165942968, 3.8935368119489393]
71.664
[5.0759489207599895, 3.893849723273479]
71.721
[5.175521175402759, 3.8975393500206543]
71.781
[5.2840694817441, 3.900553641845987]
71.841
[5.392758205412525, 3.900923638376301]
71.901
[5.5016696469778115, 3.9032698410932407]
71.961
[5.607978892277859, 3.9055068699317785]
72.021
[5.711794638567726, 3.907332364667282]
72.081
[5.8226828016935475, 3.909438325602853]
72.141
[5.928659416387608, 3.9103249622655007]
72.201
[6.0364573116506275, 3.9133213394051327]
72.261
[6.145969754572905, 3.9154217086572887]
72.321
[6.251796237140951, 3.9150591380927557]
72.381
[6.360894363833162, 3.916385337945674]
72.441
[6.465410599731515, 3.9184486846636974]
72.501
[6.573298918265995, 3.920562553920316]
72.562
[6.685535210885631, 3.9212548402408154]
72.621
[6.7920511561957015, 3.9211708995206798]
72.681
[6.894706531703504, 3.925611990219941]
72.741
[7.006136739146798, 3.9268997709011626]
72.801
[7.118621217683056, 3.9272527738110767]
72.861
[7.224978660978689, 3.928059761143839]
72.921
[7.332121610984543, 3.9297640763719603]
72.981
[7.441401979214186, 3.9313153150974456]
73.041
[7.545933405730593, 3.9324506851105263]
73.103
[7.656329706722516, 3.9357171747495014]
73.161
[7.7578409892953015, 3.9386196708929178]
73.221
[7.866087119107639, 3.942161484454837]
73.285
[7.982425707180316, 3.9432702052783086]
73.341
[8.08190233123209, 3.942794705090353]
73.401
[8.186539003289235, 3.9434270028396883]
73.461
[8.292801578365966, 3.942935282652306]
73.521
[8.398680365879363, 3.9442113284830334]
73.581
[8.505980123211415, 3.9454862032110536]
73.641
[8.611592626545825, 3.9473670253364417]
73.701
[8.716634303573311, 3.9501127253475254]
73.761
[8.827239231768013, 3.9511801864233913]
73.821
[8.932416249509192, 3.9534379415368512]
73.881
[9.041538105445582, 3.9522339928182038]
73.942
[9.150325146293481, 3.9549533738264357]
74.001
[9.254625992896903, 3.9580791369565436]
74.061
[9.361756008175554, 3.959710459329713]
74.121
[9.468131810531814, 3.9599592996876325]
74.183
[9.577944517125125, 3.959562116941961]
74.242
[9.685651931445939, 3.959284348724247]
74.301
[9.79032840631117, 3.9628737593846872]
74.361
[9.897858356933842, 3.964388078208057]
74.421
[10.004299079915887, 3.9657609254288975]
74.481
[10.108304396858543, 3.97027841657504]
74.541
[10.215803306711038, 3.9716602485487424]
74.601
[10.320954926345086, 3.9726590049316735]
74.661
[10.428980992714019, 3.9743015979819813]
74.721
[10.53546325837763, 3.975574156591613]
74.781
[10.64294726327524, 3.9749380970721346]
74.841
[10.74461138897011, 3.9743748835137045]
