63.281
[0.002174810335308166, -0.0017227146481954185]
63.502
[0.002186768524640288, -0.0017226356395104384]
63.893
[0.0022113578590843667, -0.0017224744698147976]
64.373
[0.002249363437412253, -0.0017222285413127912]
64.857
[0.0022451580037961237, -0.001743662567561009]
65.167
[0.002301440786128074, -0.0017461486652241413]
65.542
[0.0023464428495262, -0.001745852984830749]
65.768
[0.0023275156403866383, -0.001766685336027237]
66.091
[0.002361317988086996, -0.0017700124968628697]
66.427
[0.0023938206590629063, -0.001769793449671788]
66.772
[0.002426995810158584, -0.0017695718051949662]
67.045
[0.0024127858244391773, -0.0017938510579631967]
67.327
[0.002448077042460084, -0.0017936844236257775]
67.639
[0.002472883299339118, -0.0017935144596772574]
67.917
[0.002509272750636681, -0.001793266997636172]
68.119
[0.0024899785692060333, -0.0018226363772696386]
68.318
[0.0025181790646276007, -0.0018174598690971098]
68.571
[0.002534952255215054, -0.0018173422513559885]
68.88
[0.002566069689534961, -0.0018171259515946448]
69.236
[0.015335386416738983, -0.001761499116529436]
69.527
[0.524123663532091, -0.0001222394616800461]
69.805
[1.1703625989124955, 0.0016069329841068426]
70.019
[1.6239903925243948, 0.0028203371692205907]
70.307
[2.045215783174556, 0.003952519703663881]
70.491
[2.5941921376998613, 0.005435256064044375]
70.8
[2.916389128698828, 0.006322941051716811]
71.116
[3.386229404207034, 0.007614384943477884]
71.438
[3.967680450644745, 0.009230171883387485]
71.707
[4.581588045202836, 0.010952941107455294]
72.02
[5.1180205606734805, 0.0124600226185363]
72.383
[5.591471725381384, 0.01379167274550663]
72.707
[6.165649422780299, 0.015390936002222529]
73.122
[6.7344777645434615, 0.017018995097830794]
73.441
[7.607549941678315, 0.019535169001331117]
73.838
[8.138584001043949, 0.021074458161284185]
74.141
[8.819032609973132, 0.023066573441661988]
74.42
[9.369867619557464, 0.024687319079449453]
74.708
[9.864897260136875, 0.02615320237227933]
75.466
[10.459666774136267, 0.02795108712389323]
76.408
[10.943876093739364, 0.029387569910453975]
77.435
[10.920533958935533, 0.029559525901374673]
77.939
[10.92078443490927, 0.02953782555081455]
78.471
[10.92089947148898, 0.029523111099738767]
