881.239
[0.10666255893141303, -0.02723676053600857]
883.574
[7.988266694442295, 7.966200496642638]
883.674
[7.991101408555544, 7.966885510029069]
885.72
[-4.1023457494253925, 22.80739093302852]
888.783
[-4.156874896343668, 22.810013023232138]
888.843
[-4.2600225414578885, 22.80975951322411]
888.903
[-6.134967820948068, 3.9570381150323266]
888.963
[-6.242813370776704, 3.9577968459546096]
889.023
[-6.350887002474527, 3.9584745445872103]
889.083
[-6.458390259958594, 3.9589150188962035]
889.143
[-6.567930472693622, 3.9590495812731903]
889.203
[-6.679549139083068, 3.959825896081191]
889.263
[-6.793240041269928, 3.9584986510528277]
889.323
[-6.902894602912862, 3.957336031248474]
889.383
[-7.013217184210441, 3.9569358416868674]
889.443
[-7.12428987879537, 3.9576557787695092]
889.503
[-7.235315392810136, 3.956331382664277]
889.563
[-7.345439409247989, 3.9561746227097943]
889.623
[4.487444333817298, -4.058931867111055]
889.683
[4.379092562102445, -4.05966130502826]
889.743
[4.268106050540048, -4.059028637553796]
889.803
[4.164223921216626, -4.058487029669961]
889.863
[4.058320564857983, -4.05910996550727]
889.923
[3.954023779738225, -4.058346540356585]
889.983
[3.8455581396447753, -4.057610741881546]
890.044
[3.734573205987814, -4.056186238913431]
890.103
[3.6270163843465784, -4.055933594837176]
890.163
[3.5168071929134253, -4.053849299694942]
890.223
[3.408850263902245, -4.053704099217085]
890.283
[3.2998952447694507, -4.0532462409536745]
890.343
[3.191097094712761, -4.052362713838264]
890.403
[3.0821581786792698, -4.0523643426958635]
890.463
[2.974854094642499, -4.0516261655829515]
890.523
[2.867028918675832, -4.051158879224796]
890.583
[2.760845604556859, -4.050410129133118]
890.643
[2.651303524192024, -4.049123137226682]
890.703
[2.54166198554107, -4.048104417680192]
890.763
[2.432690656909062, -4.046931446161772]
890.823
[2.3224461957463, -4.046566269167177]
890.883
[2.210858920288451, -4.044379328425439]
890.943
[2.1011952745421003, -4.043731495568435]
891.003
[1.9930227559005653, -4.042220488850108]
891.063
[1.8843327014416358, -4.040767026314414]
891.123
[1.7719115303487993, -4.038219627374205]
891.183
[1.6589130873525266, -4.036676272641657]
891.243
[1.549542680281347, -4.034471445668563]
891.303
[1.4386155473067965, -4.034429448063082]
891.363
[1.3296959327424032, -4.031771921775852]
891.424
[1.216721965711403, -4.032953310311654]
891.483
[1.1076806872276004, -4.034027050436919]
891.543
[1.0003872883714466, -4.035447361976575]
891.603
[0.8914566673044045, -4.037516536085282]
891.664
[0.7799466339983665, -4.038572529233145]
891.723
[0.6704289256064608, -4.037200293688931]
891.783
[0.561248729242632, -4.037291967575755]
891.843
[0.4522873883252977, -4.033469069079369]
891.903
[0.34331021185577193, -4.0315457307561555]
891.964
[0.2297833766288295, -4.031093362020393]
892.023
[0.11951230160746706, -4.030129065375281]
892.083
[0.0062849148341331635, -4.030736435154951]
892.143
[-0.09944411794231586, -4.0301877982655006]
892.207
[-0.21991493090021405, -4.030149129749982]
892.266
[-0.3306813648260383, -4.029668277677309]
892.326
[-0.43741526161211375, -4.030164560983543]
892.386
[-0.5458851433796457, -4.0293148860623]
892.446
[-0.656775849170113, -4.0284583155628955]
892.506
[-0.7651464532920639, -4.028791326154872]
892.566
[-0.8762242280807196, -4.027199211525753]
892.626
[-0.9819318663013525, -4.02595868127806]
892.688
[-1.097986110580541, -4.02455922925953]
892.748
[-1.2026390238979496, -4.0228842293725515]
892.808
[-1.3094410600411766, -4.020610808290718]
892.87
[-1.4243061261122894, -4.019545514268819]
892.928
[-1.5247589191670836, -4.020317107114043]
892.988
[-1.6345832898244934, -4.019211411790771]
893.05
[-1.7469023274281221, -4.017955285053625]
893.109
[-1.8479227971593946, -4.016194142135006]
893.169
[-1.9588741754486094, -4.0164552462876]
893.229
[-2.067037373573771, -4.014554022072698]
893.289
[-2.175871406829281, -4.014768905095565]
893.349
[-2.2850524483085333, -4.012705464386848]
893.409
[-2.3908636369872727, -4.011447757968778]
893.469
[-2.495144165903017, -4.010230653092742]
893.529
[-2.603188423567914, -4.006852203662362]
893.589
[-2.707659772145203, -4.007037963325938]
893.649
[-2.8120687437338048, -4.005373432661517]
893.709
[-2.9191264291520493, -4.005796189163582]
893.769
[-3.0245650810603317, -4.007435206233182]
893.829
[-3.1328512913472393, -4.006975176407163]
893.889
[-3.24049682391585, -4.006953350504389]
893.949
[-3.344940042823137, -4.004439446416892]
894.009
[-3.452269828888586, -4.005803124444581]
894.069
[-3.557741253488528, -4.005718316495869]
894.129
[-3.6645299979360013, -4.006996303992192]
894.19
[-3.771863363710073, -4.007662295414037]
894.249
[-3.8731375357723032, -4.005328007001925]
894.309
[-3.9809650051173, -4.006319750850462]
894.372
[-4.093067977410137, -4.006439344802516]
894.429
[-4.193889937733453, -4.008893825430376]
894.49
[-4.302837362028588, -4.007501631431389]
894.549
[-4.406385945187424, -4.006240515367297]
894.609
[-4.5140447555561, -4.007291164186081]
894.669
[-4.621358158064768, -4.005519008237687]
894.731
[-4.730913251117975, -4.007936455013464]
894.791
[-4.833758070584898, -4.007692255740154]
894.851
[-4.940797319149268, -4.00545691302118]
894.911
[-5.050449466942306, -4.004222221621095]
894.971
[-5.15813643837038, -4.005990382179867]
895.031
[-5.262253250657347, -4.003356494427539]
895.091
[-5.368313737117267, -4.0037933509966965]
895.151
[-5.476226146666266, -4.005156062317697]
895.211
[-5.584483226226215, -4.006401234363238]
895.271
[-5.687448431116639, -4.006200112252837]
895.331
[-5.797259624381905, -4.008802172347782]
895.391
[-5.90092682689619, -4.010335502387892]
895.451
[-6.010215431551601, -4.012966161830922]
895.511
[-6.120561889079988, -4.01296395995787]
895.571
[-6.229283181172148, -4.014484095089411]
895.631
[-6.336720406053302, -4.01427541729418]
895.691
[-6.445628228628702, -4.016804760232712]
895.751
[-6.552923525516371, -4.016550751489734]
895.811
[-6.65852009262975, -4.016444307458458]
