883.934
[0.0016119428234655613, -0.001556183967681245]
884.37
[0.001661465514153422, -0.001555900968346902]
884.818
[0.0017070720235372178, -0.0015701670222816192]
885.252
[0.0017078827497009064, -0.001579918144823383]
885.618
[0.0017564661672347243, -0.0015796368479923063]
885.891
[0.0017899156743582355, -0.0015938344115396122]
886.266
[0.0017664107489808907, -0.0016068422153625698]
886.732
[0.00181886175615378, -0.0016035486531820796]
887.122
[0.0018654698842991597, -0.0016032758791263567]
887.448
[0.0018496407788051866, -0.0016276518082701077]
887.857
[0.001895955725866573, -0.0016273648112481588]
888.2
[0.001943139627141259, -0.001627082833688087]
888.662
[0.0019227599547726772, -0.0016487677761453478]
889.156
[0.052882967482485416, -0.0014705864410548962]
889.511
[0.863739235929777, 0.00013328292589437417]
889.778
[1.4379773503038265, 0.0011851231245814118]
890.099
[1.9690103523692812, 0.002167331606596763]
890.358
[2.496445445359328, 0.0031439464897382633]
890.742
[3.0076771947814565, 0.004097055143725018]
891.188
[3.7294662713970745, 0.005451145432079905]
891.553
[4.429640945801679, 0.006852373675282521]
891.875
[5.194672125790323, 0.008430784213709804]
892.306
[5.702371707199779, 0.009492973749662905]
892.782
[6.544829549912828, 0.011229171819273966]
893.221
[7.387348776327469, 0.012962196404065556]
893.679
[8.244230357981426, 0.014732110435182905]
894.113
[8.991283135087619, 0.016283230545340904]
894.523
[9.747329757822824, 0.01788784409284849]
894.947
[10.512379295654467, 0.019518554628797775]
895.421
[11.266628038014815, 0.02113526157869846]
