55.828
[0.013628437176919804, -0.01985058717302572]
60.607
[7.982127908134215, 7.965858646385757]
60.687
[7.990125073506263, 7.984138133229733]
60.727
[7.994851783731502, 7.960793987059996]
62.969
[12.544509046769235, 5.709754337382036]
64.951
[6.031997218132697, 3.951543003387874]
65.013
[6.165741015120404, 3.908873157861545]
65.071
[6.278360507765145, 3.899534046887955]
65.131
[6.386708441007823, 3.897527672498549]
65.375
[6.818207327795791, 3.8943078973822898]
65.519
[-4.881675933775668, -26.715458886203297]
65.593
[7.1978753930232795, 3.8994512060789925]
65.653
[7.2999556128735925, 3.9011299638383443]
65.713
[7.404107964915368, 3.905065986049199]
65.773
[7.504890227061608, 3.9074296519731195]
65.833
[7.615706446149951, 3.910922576155876]
65.893
[7.720925179174209, 3.9119646206238587]
65.953
[7.827695867680905, 3.9158537495117614]
66.013
[7.93474893836588, 3.9172567189444303]
66.073
[8.044374397687712, 3.9204665601548627]
66.133
[8.149609449913433, 3.9219481063529096]
66.197
[8.260401777642816, 3.924317900634348]
66.253
[8.358888360844217, 3.9230269714149704]
66.313
[8.464455342344635, 3.9238764975184646]
66.373
[8.573348864207805, 3.923766609830495]
66.433
[8.6791506487276, 3.9249695688662576]
66.493
[8.789411178017051, 3.9278320383852936]
66.553
[-3.058981875650689, -26.735408659279308]
66.613
[-2.9603994286150503, 0.007462999053914123]
66.673
[-3.0733081276785637, 0.008144763030268188]
66.733
[-3.1799760030630893, 0.008829203189129225]
66.796
[-3.2916789250756318, 0.008986125484914087]
66.853
[-3.394115180158415, 0.009195392964433136]
66.913
[-3.503335615296054, 0.008146049154637595]
66.973
[-3.614380234837915, 0.008329754177755787]
67.033
[-3.7216957884494763, 0.007748182189294062]
67.096
[-3.836675990480767, 0.006673270629027403]
67.153
[-3.9402319118432874, 0.006349216314279907]
67.213
[-4.050623288496553, 0.005741268378477122]
67.273
[-4.158561768706792, 0.004407873283464167]
67.333
[-4.267958767379631, 0.004976564428990139]
67.393
[-4.3790421551438135, 0.0026023906778430924]
67.453
[-4.488868081196088, 0.0025625590472224406]
67.513
[-4.5972150708967545, 0.0024739843887363324]
67.573
[-4.706274232791447, 0.00045678774508443583]
67.633
[-4.817032941767874, -0.0002062017359657547]
67.693
[-4.926739642319669, 0.00020884424947725526]
67.76
[-5.045864038110945, 0.0005346811333290309]
67.816
[-5.147857523394284, 0.0004378883832163083]
67.873
[-5.252002710554396, 0.0005218272388123872]
67.938
[-5.370802815495832, -0.0010016010202307543]
68.013
[-5.506409194338392, -0.0018965817278172338]
68.073
[-5.617742473689821, -0.0030200176910996244]
68.133
[-5.725777950418027, -0.003679338413970811]
68.193
[-5.837516275958401, -0.006437199456737756]
68.253
[-5.945297359356956, -0.007122707915044924]
68.313
[-6.053239371193681, -0.007828713238820855]
68.373
[-6.1612024625645585, -0.00898506258791883]
68.433
[-6.271124040552352, -0.011194725434135504]
68.498
[-6.3849799431974805, -0.01298563283667187]
68.573
[-6.523454085260968, -0.014317438063748005]
68.633
[-6.629936534654297, -0.015313644031146652]
68.693
[-6.734803623802277, -0.014949941831574162]
68.753
[-6.840488677107449, -0.01614103847796727]
68.813
[-6.949545873592424, -0.01734015366237753]
68.873
[-7.058627653959852, -0.018992376125767346]
68.933
[-7.165635437845421, -0.019201153042429586]
68.993
[-7.2766704380837295, -0.02022905287442475]
69.053
[-7.383124214361691, -0.021427061507477346]
69.113
[-7.491425943720928, -0.022296898667678342]
69.173
[-7.599987209973761, -0.02309172872165437]
69.233
[-7.708137943400546, -0.023806220909002366]
69.293
[-7.814270784040416, -0.02533130206915961]
69.353
[-7.923695826898109, -0.02593093744637404]
69.413
[-8.028920779906114, -0.026042956077426068]
69.473
[-8.13489846326818, -0.026898699817517805]
69.533
[-8.240841171065401, -0.029688398533462425]
69.593
[-8.353057847136991, -0.03005478019004969]
69.653
[-8.463666681951532, -0.030169936662497905]
69.715
[-8.577002396158688, -0.03027179627203034]
69.773
[-8.679723129183564, -0.030182674083491227]
69.836
[-8.792037357371985, -0.03024164901809288]
69.896
[-8.901056311391521, -0.0313302