63.513
[0.0021807900799038424, -0.0017226751830605534]
64.001
[0.0022048102513948474, -0.0017225171691047573]
64.438
[0.0022604976462645664, -0.0017221568866351365]
64.795
[0.002253059537053872, -0.0017464762947042127]
65.147
[0.0022963877039381964, -0.0017461820789867939]
65.381
[0.002336342161895884, -0.0017459191386846895]
65.625
[0.0023402330149086617, -0.0017633778948906065]
65.788
[0.0023382133934530015, -0.0017701703224240843]
66.114
[0.0023621222617592127, -0.0017700070392843111]
66.401
[0.0023979538529937464, -0.0017697657600562783]
66.633
[0.0024286026756572716, -0.001769561097044963]
66.925
[0.002412806592020332, -0.001789378127109102]
67.155
[0.0024288865865193833, -0.001793817243474294]
67.436
[0.0024592184850789414, -0.001793607900480207]
67.716
[0.0024940067881481683, -0.0017933706331239474]
67.978
[0.002513731936923884, -0.0018077608910665015]
68.211
[0.11062141107122739, -0.001478691977770328]
68.412
[0.456726264051366, -0.000794367783311625]
68.602
[0.8275714807276261, -0.00015102005195056253]
68.907
[1.2253720724072967, 0.0005506413349320111]
69.253
[1.7293966391707003, 0.0014706942391362247]
69.523
[2.35944345738375, 0.002641210494277912]
69.915
[2.7878785343287396, 0.003455152974993206]
70.3
[3.5331439480709177, 0.004832396585683688]
70.624
[4.134414656424779, 0.00596650683612885]
70.897
[4.814856866114437, 0.0072635711979555095]
71.316
[5.281090638609284, 0.008141274083912655]
71.626
[6.0010625536381275, 0.00954243108756745]
72.013
[6.618422047195669, 0.010775590821769782]
72.397
[7.277305394614163, 0.012136747500916763]
72.604
[7.984804472481588, 0.013573274928012517]
72.822
[8.382629036228568, 0.014387920510174946]
73.073
[8.539711835613577, 0.014501339401130083]
73.479
[8.522372536789376, 0.014450747587297962]
73.812
[8.517659652238754, 0.014699812489839323]
74.32
[8.517696766690985, 0.014700089527457693]
74.954
[8.517751410975144, 0.014700491304345366]
76.051
[8.517826110240906, 0.014696821420396225]
77.026
[8.517934867383328, 0.014689199650189584]
77.563
[8.51805528028052, 0.014685882552519632]
78.097
[8.518134463359692, 0.014682260999188079]
