60.222
[-0.005045370767373777, -0.010718319079397217]
63.152
[7.983823050077881, 7.975893382035084]
63.232
[7.977061590203525, 7.982912831227519]
63.292
[8.006917939228014, 7.975251337822156]
65.769
[-1.3192967447685078, 22.843815950327553]
67.891
[9.803098886005278, 11.804426867213973]
67.951
[9.697399842008153, 11.800956694239424]
68.011
[9.589981658357322, 11.797838092220541]
68.071
[9.482721208372606, 11.795333629138428]
68.131
[9.373666796156272, 11.792736905896028]
68.206
[9.241821956321203, 11.79002534272772]
68.273
[9.119966097348208, 11.788544607051994]
68.348
[8.984221975282473, 11.787245571930917]
68.408
[8.875099474003829, 11.788222222314836]
68.468
[8.771568414214041, 11.787807295993376]
68.528
[8.668175537801266, 11.78787322042062]
68.588
[8.563553605398598, 11.787933101041476]
68.648
[8.455652151477937, 11.787891451260998]
68.708
[8.346520158118222, 11.788686434055482]
68.768
[8.238933906766304, 11.788931805863374]
68.828
[8.13330087758961, 11.789100380263262]
68.888
[8.024578869741408, 11.791560242140969]
68.95
[7.913559037382121, 11.792542470302442]
69.008
[7.811685472749932, 11.793681992451061]
69.068
[7.706719466895159, 11.792921595570085]
69.128
[7.596966177328826, 11.79410589891279]
69.188
[7.496180904935524, 11.796018438779832]
69.248
[7.386661838514044, 11.794395384471446]
69.309
[7.281942263438196, 11.796254303404051]
69.368
[7.175735227514246, 11.796934189756007]
69.428
[7.06690126268666, 11.79781867865182]
69.488
[6.962005833979175, 11.799593759786832]
69.548
[6.853721099014778, 11.80092702769029]
69.608
[6.7472919383495, 11.800933638455472]
69.668
[6.639074273833512, 11.800874823816642]
69.728
[6.531203459033525, 11.800501388414533]
69.788
[6.422771727916271, 11.801784840847462]
69.848
[6.317656729907207, 11.801866208321847]
69.908
[6.207997119342539, 11.803725178284886]
69.968
[6.10333761108279, 11.80271680158964]
70.028
[6.0010652711327985, 11.80462805981076]
70.088
[5.89537713772054, 11.80529773389065]
70.148
[5.792704510409449, 11.805805004326611]
70.208
[5.685342392976394, 11.809285588682854]
70.268
[5.578999575150042, 11.809334915458475]
70.33
[5.464616599705944, 11.80949607718637]
70.388
[5.361677810550778, 11.807746927218005]
70.448
[5.254275284237347, 11.807520277470557]
70.508
[5.147478862094069, 11.80662564695801]
70.568
[5.04490012832419, 11.807331199044702]
70.628
[4.936872299518752, 11.807847763502316]
70.688
[4.829408819496932, 11.808744594379492]
70.748
[4.727775330008361, 11.810481913394035]
70.808
[4.619807916167281, 11.811146287461636]
70.868
[4.511892821092831, 11.810811569411564]
70.928
[4.404157952194802, 11.812798266009414]
70.988
[4.29922545462362, 11.812591028573918]
71.048
[4.195127190146396, 11.812902329741002]
71.108
[4.086657987588219, 11.81411081295097]
71.168
[3.9766533382070497, 11.816022669509948]
71.228
[3.8682084529829006, 11.81640455078407]
71.288
[3.76562827469539, 11.817702282401346]
71.348
[3.6623507650368223, 11.818422882815508]
71.408
[3.5505501805166246, 11.819638201575785]
71.468
[3.4417856858198626, 11.823742517686851]
71.528
[3.3348614222542072, 11.825718176302566]
71.588
[3.22860454646632, 11.828184984487114]
71.648
[3.1230717135336987, 11.831916739296416]
71.711
[3.0147847483299324, 11.831968442624415]
71.768
[2.913620291365476, 11.83263282311271]
71.828
[2.8029639228487047, 11.833541490985587]
71.892
[2.6889634472703956, 11.834914861679211]
71.952
[2.5862298855780046, 11.834726273924566]
72.011
[2.4791380890921446, 11.835318009156644]
72.071
[2.3795081259356357, 11.836048416768403]
72.131
[2.274031234847512, 11.838084030015867]
72.191
[2.1691130629917854, 11.840831805400406]
72.251
[2.066223734998844, 11.841626023757296]
72.311
[1.9562739826564575, 11.840783128475653]
72.371
[1.84704098747605, 11.843644399073838]
72.432
[1.7341711052648068, 11.842941727872006]
72.492
[1.62782200949526, 11.843778497146033]
72.552
[1.5243134096772117, 11.841109606998527]
