59.239
[0.0019375154851535986, -0.0016271163059785433]
59.524
[0.001949062069398825, -0.0016279703633325015]
59.85
[0.0019231265959898936, -0.0016483472482238175]
60.236
[0.001954670813778283, -0.001651283775525579]
60.681
[0.0020049708440643896, -0.0016509752640443752]
61.071
[0.002014988935574148, -0.0016689971964556388]
61.487
[0.0020345246677883344, -0.0016750631321201025]
61.813
[0.002083333202201325, -0.0016747577853987172]
62.058
[0.002100076330255704, -0.0016916976686644463]
62.313
[0.002097482302587727, -0.0016989402173211974]
62.563
[0.0021246067582362596, -0.001698764930126289]
62.879
[0.0021625014896736183, -0.0016985237703844298]
63.169
[0.002184770087701831, -0.0016983830914442388]
63.441
[0.0021695888597488486, -0.0017257296135083692]
63.753
[0.00220205300398427, -0.0017225351919405365]
64.118
[0.002237194785733688, -0.0017223070128836921]
64.567
[0.0022751696814842168, -0.0017316537983709536]
64.815
[0.5223278328208367, -0.0006413581330619303]
65.139
[1.101963989263876, 0.00034700685038563145]
65.398
[1.5483922875476717, 0.0011069881432012795]
65.618
[2.2162422145662455, 0.0022625067225736564]
65.819
[2.666313295576728, 0.003022391778906284]
66.001
[2.8625088682028865, 0.0033577308397405668]
66.163
[3.290963349215958, 0.004089914257452351]
66.368
[3.607797557498894, 0.004652625469941806]
66.528
[3.9714687566067637, 0.005273657596119667]
66.745
[4.225284931610088, 0.005716055526203868]
66.982
[4.601508383294176, 0.006372215141948608]
67.355
[4.961550699758894, 0.007001294014475707]
67.689
[5.631127109835864, 0.008157014738896127]
67.997
[6.2449108313942325, 0.009274603319889201]
68.391
[6.757946589841086, 0.010265933877305925]
68.808
[7.442020225612522, 0.011603839728412793]
69.196
[8.145890808659239, 0.012965227062480475]
69.566
[8.783065367905103, 0.014217448784673473]
69.872
[9.612974029982018, 0.01589908574226331]
70.199
[10.120605406500859, 0.016930464959555747]
70.529
[10.60486488079135, 0.017909346911672692]
70.781
[11.252897445151131, 0.019228345101340936]
71.101
[11.73527715206357, 0.020218652608165508]
71.315
[12.302307916752206, 0.021421115370713742]
71.67
[12.85494160233177, 0.022607493534011574]
72.072
[13.299571492433003, 0.02355101492716189]
72.437
[14.01957884747632, 0.025130624429967365]
72.723
[14.669477864000115, 0.026557225121108346]
73.01
[15.297716430343193, 0.02794937773126527]
73.261
[15.816151179420899, 0.02908641402604818]
73.751
[16.1659629752077, 0.03000464974628729]
74.071
[16.154685013751266, 0.030172923788332126]
74.366
[16.156314098945415, 0.030279391072976926]
74.693
[16.156413051696926, 0.030283941417624662]
74.951
[16.156528666660652, 0.030289441098002266]
75.705
[16.156630982974153, 0.03029450156418356]
76.671
[16.156791272017244, 0.0303019046788513]
77.843
[16.1571424725936, 0.030318941213984974]
78.554
[16.157520840379796, 0.03033696154321852]
79.23
[16.157874853089282, 0.03035375486537371]
