54.284
[-0.016548419809586434, 0.013194055903988167]
56.869
[-0.011343067526306663, 0.016814883191800006]
59.313
[8.01322709927726, 7.978150572656347]
61.982
[-1.785359283184839, 7.473347065194198]
64.127
[3.827784639442207, -7.896739676410672]
64.187
[3.720353663047681, -7.899536795032155]
64.247
[3.6125672858746904, -7.901753681439812]
64.307
[3.503909255868936, -7.903425495102242]
64.707
[2.787004917666152, -7.919321254750283]
64.767
[2.681019945895211, -7.918784888139431]
64.827
[2.5787457015273545, -7.91747807428299]
64.887
[2.4765954145292297, -7.917089460833291]
64.947
[2.3762361079040746, -7.916116758880114]
65.007
[2.2772711635126335, -7.913275311123732]
65.067
[2.1734363711027562, -7.915461500688326]
65.127
[2.0695826173344187, -7.91725950855952]
65.187
[1.9592192641542594, -7.91830552716512]
65.247
[1.8567720248365465, -7.919961492076294]
65.307
[1.7506983694815887, -7.920077742874187]
65.367
[1.639261507445361, -7.924546112427563]
65.427
[-6.344886045373418, -7.948762582602271]
65.487
[-6.451832623741238, -7.94908514470545]
65.547
[-6.5602474635922965, -7.949074909350149]
65.607
[-6.661827873974138, -7.947881816357747]
65.667
[-6.7726205350888975, -7.95054168832549]
65.728
[-6.8814704289701645, -7.950420950704201]
65.788
[-6.99165536526896, -7.949912032034635]
65.848
[-7.09234638633753, -7.949777547121079]
65.908
[-7.200723792049312, -7.9502264463615475]
65.968
[-7.310997516750775, -7.952040963024735]
66.028
[-7.415437315402185, -7.951772043493375]
66.088
[-7.522233479979762, -7.952991403170691]
66.148
[-7.629443575021097, -7.953771678369372]
66.208
[-7.739016545731234, -7.955083081605201]
66.268
[-7.847964863762203, -7.953993700464276]
66.331
[-7.960321589640383, -7.953277294932508]
66.388
[-8.060364544533707, -7.952013091168137]
66.448
[-8.169451983001426, -7.95124266289154]
66.508
[-8.279409487311113, -7.951178090736397]
66.571
[-8.390589351888496, -7.951091987035999]
66.628
[-8.492874246052367, -7.950283541604923]
66.688
[-8.60005861176182, -7.949972248415262]
66.748
[-8.70789596374039, -7.948885275569709]
66.808
[-8.81342250047187, -7.949747437389801]
66.868
[-8.921675209852806, -7.949440434807476]
66.928
[-9.029673770697777, -7.951539028088766]
66.988
[-9.138653898422762, -7.951667915660314]
67.048
[-9.245786717200213, -7.954311577897676]
67.108
[-9.349082225966729, -7.953844700931517]
67.172
[-9.465381149545586, -7.954988442878493]
67.228
[-9.566886006114558, -7.953394439878462]
67.288
[-9.670051934813761, -7.954409720353486]
67.348
[-9.774975315796578, -7.956056134905]
67.408
[-9.884737097186392, -7.956111926763565]
67.474
[-10.00208299036729, -7.956067401348686]
67.53
[-10.102465306516137, -7.955809227015911]
67.59
[-10.213404606285856, -7.954846326498408]
67.65
[-10.320626774295075, -7.954791024096212]
67.71
[-10.429233970371719, -7.953682435313076]
67.77
[-10.541123302254604, -7.954985049562357]
67.83
[-10.648095699068607, -7.955923070666807]
67.89
[-10.754332238062688, -7.95705844964652]
67.95
[-10.859173795451985, -7.956509217035646]
68.01
[-10.962090122321344, -7.958135353693832]
68.07
[-11.072760372040898, -7.958415365634492]
68.13
[-11.176712617522076, -7.956792949326848]
68.19
[-11.284883524391875, -7.956513220310294]
68.25
[5.4476633208379095, -0.06485204084886208]
68.311
[5.556720584515052, -0.06318199948699499]
68.371
[5.664002202242553, -0.06188507746898217]
68.431
[5.768134299215288, -0.062042281481774715]
68.491
[5.87308634116675, -0.06106628946620153]
68.551
[5.983899887644958, -0.05925085791325321]
68.611
[6.09131319486581, -0.05807709422095168]
68.671
[6.197460138035918, -0.058285269244387254]
68.731
[6.305697704705948, -0.05751600986785993]
68.796
[6.421274246856108, -0.05832008708185724]
68.871
[6.556473317542249, -0.057318977790285254]
68.931
[6.662324668978493, -0.056163802816835785]
68.991
[6.772182296092321, -0.05444245808828341]
69.051
[6.8834086102705845, -0.05269384988042178]
69.111
[6.986143859334099, -0.05185282362308504]
69.171
[7.091636967938782, -0.050751586736790956]
69.231
[7.19377379054415, -0.05076951620284761]
69.292
[7.300485469285933, -0.04965408899270481]
69.351
[7.409110849715982, -0.04867876337818165]
69.411
[7.51572778193836, -0.04720569885580995]
69.471
[7.623989409817706, -0.04365185793583538]
69.531
[7.734288814925112, -0.040930767044485915]
69.592
[7.845125073236132, -0.0410047673328549]
69.651
[7.951054479692818, -0.04166631246350604]
69.711
[8.056020480695869, -0.04124288029622597]
69.771
[8.164203784357497, -0.03961654877673578]
69.831
[8.26989614153182, -0.03648559147824985]
69.891
[8.37592510764251, -0.03472586420077731]
69.951
[8.48080198254486, -0.03210578278926261]
70.011
[8.59069612621763, -0.03187675136302843]
70.071
[8.694058932429442, -0.031079682218634375]
70.131
[8.800966043153013, -0.028871370893124304]
70.191
[8.910057281430994, -0.02672759307676526]
70.251
[9.018642408338781, -0.026104790508190555]
70.313
[9.126470033169364, -0.026918206409259654]
70.371
[9.23481441079968, -0.02426838825538056]
70.431
[9.340723987929112, -0.023853755667836894]
70.491
[9.44964088830388, -0.023380498545159663]
70.551
[9.558957818059818, -0.021835905392614666]
70.611
[9.664538407640602, -0.02102449715521315]
70.673
[9.772204639659416, -0.02036583580801655]
70.731
[9.875207958358269, -0.01834643620446926]
70.796
[9.989171279041706, -0.019829325328763935]
70.871
[10.123120788519879, -0.018111015164236792]
70.931
[10.230568527186632, -0.017870525112701457]
70.991
[10.337143762084887, -0.01673333449073771]
71.051
[10.444310328285024, -0.014601672305325226]
71.111
[10.551729003604585, -0.013915707627198145]
71.171
[10.657799598348902, -0.013011424002140722]
71.231
[10.764207089529004, -0.01362485848577083]
71.291
[10.870456069748093, -0.012700698151288688]
71.351
[10.978748186362667, -0.010843158652778632]
71.411
[11.083906932280774, -0.008074650443393734]
71.471
[11.18999721482115, -0.008285220914480048]
71.531
[11.297615576242931, -0.006316106698345389]
71.591
[11.404210029817136, -0.005931272503641357]
71.651
[11.511338107050383, -0.007968647006113279]
71.711
[11.61830322464118, -0.009442196207206021]
71.771
[11.724146255310519, -0.010307440657954916]
71.831
[11.833110428345348, -0.010303169512478772]
71.891
[11.939537538240199, -0.008805602082337362]
71.952
[12.046581065229867, -0.008826250059987531]
72.011
[12.152715792595721, -0.00783833546036685]
72.071
[12.259265356801498, -0.006824078628198783]
72.131
[12.365108374461348, -0.006777352025858901]
72.191
[12.470327010880533, -0.0052267832661363]
72.251
[12.576719862601776, -0.005033707782159377]
72.311
[12.681876028117037, -0.00539306029118319]
72.371
[12.786726240984445, -0.003837585343120182]
72.431
[12.891338876232178, -0.0036306783521119768]
72.491
[12.99702653201011, -0.0033487790301506793]
72.551
[13.105169293291718, -0.0032680126377820926]
72.612
[13.21388618363674, -0.004066868259594248]
72.671
[13.319555950383318, -0.0019528237033325261]
72.731
[13.422218894380835, 0.00013094810642500578]
72.791
[13.526689154333193, 0.00012025206207676387]
72.851
[13.631301653089544, -0.0003316754581349089]
72.911
[13.741765312948894, 5.0556141509278133e-05]
72.971
[13.845200880378032, 0.001377423990282762]
73.031
[13.945591177607117, 0.0015890289230317245]
