30.588
[0.0036497753989487166, -0.004992221934275568]
38.716
[5.0123662866652, 0.8827288132160903]
41.778
[4.9526828265933, 0.8424163279861255]
41.838
[-15.757880856079149, -7.890937570461958]
41.898
[-15.649275707532833, -7.890047796897613]
41.958
[-15.540173564665563, -7.889620952332102]
42.018
[-15.429588042344724, -7.889227339771018]
42.078
[-15.320377203962407, -7.8890566145307135]
42.138
[-15.213485896516971, -7.889484370267048]
42.198
[-15.104695564724693, -7.8894418484281905]
42.258
[-14.99206476512011, -7.888873916408195]
42.318
[-14.883417892016553, -7.888839806683735]
42.378
[-14.776418582167159, -7.888346115387981]
42.438
[-14.665592235999638, -7.888893435018984]
42.498
[-14.556807783162052, -7.888593123744128]
42.558
[-14.449931338035912, -7.889272003249662]
42.618
[-14.342757652937676, -7.889215112116634]
42.678
[-14.232926301852281, -7.889301339341889]
42.741
[-14.12008875067886, -7.888544943923777]
42.798
[-14.01982850248883, -7.8889678054972645]
42.858
[-13.910449027213568, -7.888827740569768]
42.918
[-13.798739147163085, -7.889810162271982]
42.981
[-13.684168891011074, -7.889505339760413]
43.038
[-13.58160235565326, -7.892382757197805]
43.103
[-13.459234776104937, -7.891636623843127]
43.159
[-13.359589460296254, -7.893543250335961]
43.219
[-13.251620492831794, -7.894308665945098]
43.279
[-13.146270155153674, -7.894813929814517]
43.339
[-13.040425644213068, -7.894503881968418]
43.399
[-12.930411106692082, -7.893557332971431]
43.461
[-12.818791354018394, -7.894069986507479]
43.519
[-12.715906924918452, -7.8945809311336355]
43.579
[-12.60655961798404, -7.893991179690881]
43.639
[-12.496126191039993, -7.8956467629380365]
43.706
[-12.372667730852559, -7.892533820324008]
43.78
[-12.241765918777046, -7.89432179102028]
43.84
[-12.133017124139563, -7.895313310965012]
43.9
[-12.025371316504357, -7.8952706959069285]
43.96
[-11.918229807233935, -7.894776855133709]
44.02
[-11.814648728889484, -7.8949118107908145]
44.08
[-11.704071993692429, -7.893454054272875]
44.144
[-11.590162928918584, -7.894215474383294]
44.2
[-11.48867869114416, -7.8961516633237245]
44.26
[-11.379117358286283, -7.896067783330992]
44.32
[-11.268452253331558, -7.896672620978935]
44.384
[-11.154160339194549, -7.896824999188357]
44.447
[-11.042156926559565, -7.895133550193368]
44.52
[-10.914111893864908, -7.895793159363308]
44.584
[-10.799575334761775, -7.8970795170393835]
44.64
[-10.697186941889258, -7.897349024076955]
44.706
[-10.576350802465525, -7.897807906759593]
44.78
[-10.442775607968287, -7.899790261016405]
44.841
[-10.33240732761063, -7.8987203193906925]
44.9
[-10.227272261185572, -7.896361396508268]
44.96
[-10.117686316761292, -7.898098051596099]
45.02
[-10.012020555194583, -7.899377028184451]
45.08
[-9.901637052221382, -7.898760685737402]
45.14
[-9.795279556376743, -7.898618560106072]
45.204
[-9.677926732300923, -7.899062120560935]
45.264
[-9.570528245737947, -7.898433170091879]
45.32
[-9.46944213677321, -7.8987279569461615]
45.382
[-9.358081244635967, -7.898674233253602]
45.443
[-9.252283110965932, -7.900353538798005]
45.5
[-9.148601378718922, -7.8999512239390155]
45.563
[-9.035772112295712, -7.902712848886074]
45.622
[-8.931659683713235, -7.902122585262822]
45.682
[-8.82195151383268, -7.900922577481505]
45.742
[-8.713782317212472, -7.897874007582402]
45.802
[-8.609810222478002, -7.896751325516231]
45.862
[-8.501581205134684, -7.897186987434886]
45.922
[-8.39021318989906, -7.8976672003492165]
45.982
[-8.284087071923706, -7.895728525001205]
46.043
[-8.175942739442975, -7.894633861738818]
46.103
[-8.06934874222091, -7.895595496645252]
46.163
[-7.964150257745997, -7.89717051499985]
46.234
[-7.836788181423549, -7.8968727147105655]
46.291
[-7.735039256800874, -7.894697361418318]
46.354
[-7.621081132178285, -7.892866084492562]
46.411
[-7.518042829624241, -7.892174046732588]
46.472
[-7.410438860246432, -7.894301600127265]
46.531
[-7.307604166142757, -7.894274773195628]
46.591
[-7.200383059223062, -7.895612214817077]
46.658
[-7.079689107002543, -7.8976084317128565]
46.731
[-6.945757079063606, -7.896895297291608]
46.791
[-6.84286726083653, -7.89