46.457
[0.01711572127364132, 0.003615938860401668]
48.782
[0.00388569940956379, 0.01081080734926971]
51.099
[8.013722501138234, 7.979122065766847]
52.383
[16.358208357977364, 24.712152813250807]
55.567
[-0.02267276681761528, -0.030232215065805222]
55.643
[0.11145062280702987, -0.015271279926403156]
55.703
[0.21894371387152672, -0.013157766904479281]
55.764
[0.33111649196682885, -0.013019734159582987]
55.823
[0.4385767989445304, -0.012583038341180151]
55.884
[0.549703154506239, -0.0124832365291342]
55.943
[0.6578618892287087, -0.011842997492090999]
56.003
[0.7667023506935903, -0.011754945434342846]
56.063
[0.8761284556157777, -0.011898906321453922]
56.126
[0.9894011819012101, -0.012420062255120991]
56.183
[1.092464922738365, -0.012630698973163894]
56.243
[1.2034619280718621, -0.01292890464533295]
56.303
[1.311749623711622, -0.01208621053232466]
56.363
[1.4217879656966712, -0.012180789572256878]
56.423
[1.5281315797814548, -0.012298264459076632]
56.483
[1.6352321184417782, -0.011287189438439637]
56.543
[1.7438748040851775, -0.011776609624027799]
56.604
[1.8524670769747138, -0.011416028150052632]
56.665
[1.9637739612029312, -0.011140306818875205]
56.723
[2.0676234631823776, -0.010761628079271529]
56.787
[2.187955785445259, -0.012237623046034941]
56.843
[2.2879512991717097, -0.010983981218435522]
56.905
[2.403115833245382, -0.009969334120107998]
56.963
[2.507478127815865, -0.009251098125411032]
57.023
[2.6149254674591944, -0.009357545727850256]
57.083
[2.723303033230842, -0.00816531934867181]
57.145
[2.837850335761521, -0.008170100582508638]
57.206
[2.94880080971369, -0.007972877923474998]
57.264
[3.0536753446029588, -0.007135608038751934]
57.325
[3.1617820969840755, -0.007109304026474171]
57.383
[3.26858216843726, -0.007826242854029278]
57.446
[3.3832915886901707, -0.0073565398337937455]
57.503
[3.4886935265210153, -0.008812883367584337]
57.563
[3.5957522724032294, -0.008770251721653206]
57.623
[3.704810206724404, -0.007549224181774517]
57.683
[3.813017186737686, -0.006272962429481217]
57.745
[3.9245505275972414, -0.007228713886902018]
57.805
[4.032431952769526, -0.006996532710570996]
57.864
[4.1408096806844235, -0.007481839611791968]
57.925
[4.248901174248328, -0.007190844761416205]
57.983
[4.352158293117392, -0.007896192850566582]
58.043
[4.459958167277123, -0.0069909646850145404]
58.104
[4.568587396901145, -0.0044096660675202225]
58.163
[4.676311722942439, -0.0032851132446805762]
58.223
[4.785118344668439, -0.00424579284660676]
58.287
[4.895619240326343, -0.004382698373965374]
58.347
[5.006525697885259, -0.004142858405081249]
58.406
[5.110979393911506, -0.002483585851677116]
58.463
[5.213293216135145, -0.002220543027492783]
58.525
[5.323006012904739, -0.0017068608222023307]
58.583
[5.427155445072169, -0.0023923968884931104]
58.646
[5.539983687101222, -0.001070662513936609]
58.723
[5.6773283414411, -0.0006531382975941302]
58.783
[5.788728085878425, -0.00017334420512990004]
58.843
[5.895516560492192, 0.0014653031164820808]
58.903
[6.003330621828698, 1.786219418054124e-05]
58.963
[6.111464775030905, 0.00014641934585235794]
59.023
[6.218300518932883, -2.0444821996248774e-05]
59.083
[6.328208742688471, -0.00015201274519867694]
59.146
[6.442020857571251, 0.0005207117006337901]
59.203
[6.5418811623201645, 0.0015641963286978935]
59.266
[6.651342576503306, 0.0028287212064504537]
59.323
[6.751106317626276, 0.002670021251537614]
59.383
[6.8600037231565025, 0.003626949905242638]
59.443
[6.965350941120289, 0.0037459493021240547]
59.503
[7.070834883469097, 0.002969734082550504]
59.563
[7.178287041363519, 0.003390670774058982]
59.623
[7.28836296727804, 0.002509713121521492]
59.683
[7.3942613451781805, 0.0027597014983006376]
59.743
[7.50459676089585, 0.005465570170705245]
59.803
[7.606784144011308, 0.005033805516780663]
59.863
[7.713631887954777, 0.004283644131862001]
59.923
[7.822384528494087, 0.0056010608780986924]
59.983
[7.929364759059411, 0.005080392254944625]
60.044
[8.036739845016452, 0.006151066605289573]
60.103
[8.141783787528889, 0.006381462240999645]
60.163
[8.250752531312912, 0.005840310800571097]
60.223
[8.359680680820794, 0.006702855047258089]
60.283
[8.465407369666545, 0.0061317681406393145]
60.343
[8.577028635971642, 0.006880826509913374]
60.403
[8.683525085214342, 0.0053132401015571935]
60.463
[8.791405803951578, 0.005425338914217921]
60.523
[8.900197283651032, 0.00737835481731027]
60.583
[9.004894957746606, 0.00780228559194062]
60.643
[9.112895389280958, 0.007338800359568378]
60.703
[9.219608834359672, 0.007329835207041822]
60.763
[9.327956457812595, 0.007301990723911899]
60.823
[9.434555156571932, 0.007278019465768313]
60.883
[9.544332914640712, 0.00854805586976133]
60.943
[9.652190337205761, 0.010257607636191437]
61.003
[9.75577950802629, 0.00870964336023735]
61.063
[9.86262560429766, 0.00843054901116014]
61.123
[9.97377279721368, 0.008176236424155978]
61.183
[10.080267041607101, 0.009267505651162739]
61.243
[10.188685137336282, 0.00975929413693753]
61.303
[10.292977403342636, 0.010929472893554495]
61.363
[10.396624853799139, 0.009790754089238003]
61.423
[10.503736784728037, 0.011201451355844064]
61.483
[10.609296074156095, 0.009324822920718397]
61.543
[10.71569566672016, 0.00974788198663801]
61.603
[10.822859111648667, 0.01030846728044128]
61.663
[10.927770244304345, 0.008928906923407448]
61.723
[11.031233985230804, 0.011195992399199033]
61.783
[11.13642916911357, 0.009357415189590663]
61.843
[11.245107215870242, 0.007532780918663597]
61.903
[11.352181852398974, 0.007872228740933459]
61.963
[11.460564327433174, 0.007590206905255263]
62.023
[11.568301365436657, 0.007145908477303753]
62.085
[11.674746660656433, 0.0076651330647521275]
62.144
[11.778807930886819, 0.008772522337976258]
62.203
[11.884790346768355, 0.008661107325575892]
62.263
[11.994049202374999, 0.00858253325993066]
62.323
[12.101327896826634, 0.0073799708392209605]
62.383
[12.207834342604361, 0.009379419507710832]
62.443
[12.318057812352563, 0.010030992256117227]
62.503
[12.425696674404177, 0.010966452836323401]
62.563
[12.534386887846026, 0.01066959401483599]
62.623
[12.641775567525023, 0.01051998956139814]
62.683
[12.748260666763718, 0.011735491592482952]
62.743
[12.856432394999802, 0.010886282708522998]
62.803
[12.965272262059637, 0.011084414704566692]
62.883
[13.069618490832921, 0.009556327547716317]
62.943
[13.169749228245102, 0.009398035234671306]
63.003
[13.278614733511242, 0.010464339921556943]
63.063
[13.383706942363682, 0.012333669337283755]
63.123
[13.490017788576791, 0.014631520609577946]
63.183
[13.592087572734666, 0.016465580214417935]
63.243
[13.699259747568766, 0.017060911956670026]
