50.923
[0.0013805659139033942, -0.0014602928846868604]
51.202
[0.0013852315552080156, -0.0014747982630256946]
51.475
[0.001368975511710429, -0.00148464430900711]
51.867
[0.0013927711946964128, -0.0014845158176009182]
52.194
[0.00144031409047082, -0.001484264036845111]
52.443
[0.0014546309168276816, -0.0015014991369164804]
52.617
[0.001454676901731844, -0.0015084769533084156]
52.968
[0.00147525105189103, -0.0015083634995683977]
53.264
[0.0015049975866812393, -0.0015082020049965452]
53.466
[0.0015443711635434905, -0.0015079906265986264]
53.662
[0.0015228172928480645, -0.0015286552350295564]
53.848
[0.0015373906890150876, -0.0015323131374485517]
54.04
[0.0015610649198771337, -0.0015321800992185407]
54.237
[0.00158070420413867, -0.0015320711697232579]
54.522
[0.0016038952840236875, -0.0015319435337350878]
54.779
[0.0016299721785251672, -0.0015457731545020662]
54.969
[0.0016088379225196493, -0.0015562025708397724]
55.203
[0.0016296471449243378, -0.0015560818299249924]
55.39
[0.0016552645565660017, -0.0015559359948707785]
55.668
[0.0016794907924730755, -0.001555799550593628]
55.966
[0.08085930865298403, -0.0013508675834883836]
56.322
[0.6402392239093283, -0.0005248440512732309]
56.673
[1.1406707279491781, 0.00013881750278857624]
56.878
[1.8624522289368366, 0.001100557373787065]
57.142
[2.278244093293698, 0.0017057263166712616]
57.308
[2.742610868456858, 0.002385463443241719]
57.532
[3.075623383349352, 0.002890279385825216]
57.805
[3.4518738162936087, 0.0034655886815589433]
57.946
[3.943304637443701, 0.0042359602956417225]
58.179
[4.238523117130925, 0.004698959743093342]
58.327
[4.562545828209824, 0.005207153152810907]
58.482
[4.935169156594497, 0.005797644967303919]
58.629
[5.170983908934257, 0.006171323948259687]
58.881
[5.464404591499848, 0.0066359804032528925]
59.082
[5.846028477029014, 0.007246131643158262]
59.433
[6.218651779102601, 0.007842148293781347]
59.725
[6.756885924591424, 0.008704939249253965]
59.955
[7.314893630332751, 0.009608714191987095]
60.17
[7.737864014934555, 0.010301866304308701]
60.464
[8.184282662715797, 0.011060487889004668]
60.864
[8.650533982409101, 0.011864563949884001]
61.183
[9.383216068542309, 0.013158721662277308]
61.523
[9.93225814097092, 0.014108755677959745]
61.782
[10.569551250652562, 0.015235669570275067]
62.004
[11.100600632229417, 0.016150009188951743]
62.299
[11.442616564698742, 0.016752275126191204]
62.591
[11.908781699746331, 0.017573404336811153]
62.852
[12.497475755963093, 0.01865352421211675]
63.096
[12.996113596977992, 0.019546492346825418]
